1000066
1002036
1007003
1014149
1015052
1026580
1029054
1031969
1032637
1037328
1038071
1043313
1047487
1049115
1058402
1059086
1062063
1066142
1072371
1076306
1080362
1083062
1084467
1085482
1088165
1094879
1097470
1101445
1101781
1103711
1105297
1107359
1108645
1115131
1118477
1123065
1125038
1127820
1128812
1132097
1135694
1141934
1142989
1147659
1149698
1157448
1163696
1165403
1171935
1173043
1174266
1184042
1189352
1199259
1200681
1201377
1206725
1207278
1208500
1212812
1218970
1223700
1225511
1229709
1230895
1240919
1245649
1248925
1249645
1253072
1253443
1256600
1264130
1265475
1268500
1278794
1281397
1282833
1286838
1293358
1295873
1297093
1297581
1298938
1303432
1309119
1312189
1316851
1324600
1327045
1328306
1337869
1338523
1338866
1341446
1347150
1353779
1354929
1358475
1361303
1364669
1368995
1374554
1375209
1377258
1381879
1384971
1392530
1399637
1400147
1401039
1403452
1405843
1412921
1419359
1422809
1424610
1425565
1430121
1431423
1435839
1439959
1441843
1443320
1450071
1454022
1460527
1463066
1469157
1477668
1478850
1481951
1486263
1491656
1493116
1496151
1498834
1501000
1502211
1505344
1508845
1509800
1512321
1521076
1532850
1538454
1542660
1546977
1549905
1552751
1555036
1563995
1567126
1568727
1577289
1581372
1586140
1588715
1589616
1598531
1603134
1605484
1609567
1612872
1615615
1618488
1622397
1623365
1627701
1628932
1633224
1635596
1640206
1645906
1653135
1660723
1664394
1676441
1676862
1679270
1682398
1687660
1696003
1697884
1709254
1714303
1717702
1722207
1725074
1727614
1732500
1734826
1736785
1741281
1743608
1747197
1752868
1755278
1759422
1763979
1766149
1767322
1772799
1775857
1778928
1782012
1788960
1790857
1791676
1802393
1805007
1812986
1814879
1818276
1820386
1822024
1822943
1826129
1835696
1839278
1843220
1845393
1848760
1850945
1854947
1858222
1862956
1867272
1868414
1874666
1880642
1887603
1892650
1897914
1900216
1901310
1909280
1916423
1918329
1920956
1924939
1926334
1929203
1935915
1939185
1941278
1947419
1950767
1953378
1960336
1961645
1963544
1968567
1971111
1971910
1982796
1990875
1995976
2000343
2001428
2003010
2006807
2012274
2015393
2021038
2023199
2026874
2031595
2038394
2043398
2045780
2050043
2055742
2059514
2061331
2064336
2065810
2068598
2070323
2073925
2074392
2080142
2080648
2085791
2094007
2097692
2100806
2101472
2105855
2107950
2111594
2116170
2119061
2124794
2130342
2135936
2141514
2145960
2149153
2153673
2155016
2156698
2161431
2168128
2169482
2171859
2173109
2177404
2183495
2184556
2187605
2190724
2192311
2195901
2203397
2211597
2222599
2224201
2229037
2232749
2234023
2236959
2240014
2248616
2249334
2256979
2259921
2266083
2266993
2272336
2276856
2281948
2283603
2286540
2289162
2296562
2299827
2302778
2303652
2310273
2312734
2320967
2322615
2324843
2327435
2337108
2340196
2351061
2357238
2364113
2367887
2368698
2369857
2375729
2382212
2382683
2389010
2389973
2391758
2407035
2408340
2411537
2415269
2425383
2431058
2433838
2437803
2441697
2444499
2448714
2455008
2459098
2464700
2474013
2474449
2478265
2485978
2491302
2494092
2496514
2498872
2500821
2501868
2506405
2512281
2514193
2518158
2521695
2524336
2531621
2544145
2550595
2552646
2553364
2557302
2562223
2574804
2575796
2584551
2588495
2590843
2593924
2601897
2603373
2606434
2611233
2612365
2618054
2620935
2625032
2625474
2632602
2633894
2635796
2639073
2641334
2643755
2649980
2651231
2655125
2658026
2660492
2662879
2669707
2671770
2677760
2680905
2682821
2686894
2694750
2695775
2700391
2706958
2709612
2711261
2713148
2714344
2720363
2725505
2735200
2736159
2739260
2741926
2751517
2753773
2759980
2763819
2766290
2771149
2775087
2780396
2785447
2786420
2790988
2792413
2794112
2795249
2799406
2804017
2806215
2809517
2820979
2824673
2830731
2843548
2846629
2848458
2849472
2853050
2855569
2857713
2861831
2863459
2866877
2871666
2881475
2887591
2889544
2894171
2896446
2903375
2906960
2912682
2919503
2929260
2936812
2940251
2943307
2950248
2961318
2962927
2966310
2969646
2974828
2978396
2980765
2984893
2989437
2989726
2997356
